#camera 0.0 10.0 10.0   0.0 -1.0 -1.0   0.0 1.0 -1.0   .523  
#background 0.3 0.4 1.0
#ambient 0.5 0.5 0.5 
#ray_file_num 3
#ray_file butterbody.ray
#ray_file wing.ray
#ray_file ground.ray
#light_num 3
#light_dir
	 .5  .5  .5
	0.0 -1.0 0.5
#light_spot
	0.0 0.0 1 
	2 2 -2
	0 -1 0 
	1 0 0 
	.523 0
#light_point
	.5 .5 .5
	0 1 3 
	1 0 0 
	
#group_begin
2.0	0	0	0	
0	0.766044443119	0.642787609687	-3.5	
0	-1.92836282906	2.29813332936	0	
0	0	0	1.0	
#ray_file_instance 2
#group_end




	
#group_begin
0.939692620786	-0.330366089549	0.0885213269014	-1	
0.342020143326	0.90767337119	-0.243210346802	0	
0	0.258819045103	0.965925826289	0	
0	0	0	1.0	
	
#group_begin
.3	0	0	0	
0	2.2	0	0	
0	0	.3	0	
0	0	0	1	
#ray_file_instance 0
#group_end


#group_begin
-0.707106781187	-0.707106781187	0	-0.3	
0	0	-1.0	0	
-0.707106781187	0.707106781187	0	0	
0	0	0	1.0	
#ray_file_instance 1
#group_end

#group_begin
0.707106781187	0.707106781187	0	0.3	
0	0	-1.0	0	
-0.707106781187	0.707106781187	0	0	
0	0	0	1.0	
#ray_file_instance 1
#group_end

#group_end